  0.80366
 0.145183
HERE! 0.257678
  1.53151
-0.337477
 0.739388
-0.211802
 0.797434
 0.143292
HERE! 0.255876
  1.52356
-0.334744
 0.737217
-0.208961
 0.791286
 0.141338
HERE! 0.256692
  1.53167
-0.335451
 0.742877
-0.208313
 0.793769
 0.140855
HERE!  0.25482
  1.52368
-0.332674
 0.740883
-0.205469
 0.787786
 0.138917
HERE! 0.257763
  1.54435
-0.336146
  0.75286
-0.206506
 0.796764
 0.139574
HERE! 0.255767
  1.53629
-0.333272
 0.750945
-0.203544
 0.790637
 0.137631
HERE! 0.253715
  1.52826
-0.330432
 0.749105
-0.200616
 0.784542
 0.135663
HERE! 0.251712
  1.52051
-0.327668
 0.747244
-0.197802
 0.778607
 0.133758
HERE! 0.256339
  1.55283
-0.333655
 0.764964
-0.200206
 0.793538
 0.135482
HERE! 0.254278
  1.54529
-0.330889
  0.76302
-0.197363
 0.787834
 0.133717
HERE! 0.252299
  1.53775
-0.328237
 0.761232
-0.194621
 0.782335
 0.132034
HERE! 0.253009
  1.54586
-0.329053
 0.767122
-0.194003
 0.784951
 0.131703
HERE! 0.253806
  1.55435
-0.329998
 0.773121
-0.193499
 0.787813
 0.131402
HERE! 0.251972
   1.5468
-0.327405
 0.771138
-0.190988
 0.782313
  0.12966
HERE! 0.251658
  1.54879
-0.326748
 0.773685
-0.189647
 0.781439
 0.128697
HERE! 0.249757
  1.54151
-0.323998
  0.77172
 -0.18713
 0.775934
 0.126913
HERE! 0.247921
   1.5341
-0.321332
 0.769462
 -0.18466
 0.770372
  0.12521
HERE! 0.246021
  1.52652
-0.318597
 0.767265
-0.182146
 0.764988
  0.12354
HERE! 0.247948
  1.54312
-0.321029
 0.777287
-0.182568
 0.772059
 0.123762
HERE! 0.251229
  1.56792
-0.325167
 0.791647
-0.183984
 0.783389
 0.124581
HERE! 0.249163
  1.55964
  -0.3224
 0.789558
-0.181479
 0.777863
 0.122685
HERE!0.252781
 1.58696
-0.32703
0.805527
-0.18302
0.790168
0.123673
HERE! 0.250614
  1.57865
-0.324137
 0.803552
-0.180328
 0.784193
 0.121794
HERE! 0.248463
  1.57046
-0.321157
 0.801455
-0.177637
 0.778125
 0.119927
HERE! 0.249137
  1.58014
-0.321928
 0.808407
-0.176927
 0.780824
 0.119541
HERE! 0.246889
   1.5724
-0.318998
 0.806353
-0.174258
  0.77498
 0.117759
HERE!  0.24473
  1.56458
-0.316199
 0.804196
-0.171654
 0.769253
 0.116108
HERE! 0.242637
   1.5568
 -0.31353
 0.801854
-0.169241
 0.763617
 0.114397
HERE!  0.24046
  1.54884
-0.310906
 0.799663
-0.166844
 0.758176
 0.112683
HERE! 0.238416
  1.54081
-0.308282
 0.797426
-0.164504
 0.752578
 0.110987
HERE! 0.236457
  1.53293
-0.305692
 0.795313
-0.162226
 0.746905
 0.109306
HERE!  0.23457
  1.52509
-0.302986
 0.793115
-0.159913
 0.741005
 0.107663
HERE!  0.23277
  1.51754
-0.300261
 0.790833
-0.157604
   0.7351
  0.10614
HERE! 0.242629
  1.58547
-0.312618
 0.827904
-0.163161
 0.766333
 0.110026
HERE!  0.23881
  1.57078
-0.307107
 0.823492
-0.158455
 0.755038
 0.107113
HERE! 0.236825
  1.56328
-0.304456
 0.821258
-0.156175
 0.749648
 0.105658
HERE!  0.23478
  1.55548
-0.301924
 0.819012
-0.153967
 0.744283
 0.104129
HERE! 0.232744
  1.54756
-0.299453
 0.816868
-0.151791
 0.738884
 0.102597
HERE! 0.230728
  1.53952
-0.296984
 0.814817
-0.149694
 0.733331
 0.100945
HERE! 0.228683
  1.53163
-0.294463
  0.81273
-0.147548
  0.72763
0.0993226
HERE! 0.233492
  1.56955
-0.300822
 0.834909
-0.149805
 0.744041
 0.100776
HERE! 0.232983
  1.57245
-0.300224
 0.838382
-0.148501
 0.743412
 0.100039
HERE! 0.230991
  1.56502
-0.297515
  0.83633
-0.146217
 0.737854
0.0986908
HERE!  0.22904
  1.55754
-0.294854
 0.834211
-0.143989
 0.732503
0.0974094
HERE! 0.227108
   1.5501
-0.292303
 0.831957
-0.141856
 0.727419
0.0961778
HERE! 0.225245
  1.54239
-0.289768
 0.829695
-0.139877
  0.72253
0.0948555
HERE! 0.225387
   1.5481
-0.289851
  0.83461
-0.139241
 0.723925
0.0942422
HERE! 0.223518
  1.54032
-0.287199
 0.832272
-0.137336
 0.718859
0.0927677
HERE!  0.22164
  1.53245
-0.284445
 0.829786
-0.135348
 0.713481
0.0913153
HERE! 0.219842
  1.52465
-0.281702
 0.827184
-0.133371
 0.707961
0.0899198
HERE! 0.217995
  1.51704
-0.278888
 0.824666
-0.131377
 0.702466
0.0885226
HERE! 0.222219
  1.55186
-0.284016
 0.844982
-0.133038
 0.716922
0.0897051
HERE!  0.22015
  1.54413
-0.281123
 0.842386
-0.130904
 0.711526
0.0883638
HERE! 0.218093
  1.53609
-0.278358
 0.839753
-0.128791
 0.706048
0.0870523
HERE!  0.21906
    1.549
 -0.27969
 0.848725
-0.128549
 0.710447
0.0869392
HERE! 0.216843
  1.54074
-0.277075
 0.846139
-0.126506
 0.704865
0.0854837
HERE! 0.214666
   1.5325
-0.274556
 0.843643
 -0.12451
  0.69906
0.0840014
HERE! 0.212542
  1.52461
-0.272093
 0.841193
-0.122549
 0.693175
0.0825559
HERE! 0.210443
   1.5168
-0.269525
 0.838796
-0.120591
 0.687356
0.0811282
HERE!  0.21141
  1.53014
-0.270946
 0.847845
-0.120399
 0.691318
0.0809791
HERE! 0.209425
   1.5225
-0.268558
 0.845265
-0.118527
 0.685851
0.0797437
HERE! 0.208919
  1.52454
-0.268053
 0.848126
-0.117492
 0.685102
0.0791479
HERE!  0.20715
  1.51684
-0.265891
 0.845482
-0.115856
 0.680027
0.0779745
HERE!  0.20531
  1.50908
-0.263733
 0.843014
-0.114168
 0.674957
0.0768293
HERE! 0.203509
  1.50161
-0.261455
 0.840527
-0.112547
 0.669809
0.0755932
HERE!  0.20302
  1.50303
-0.260665
 0.842852
-0.111516
 0.668333
0.0749465
HERE! 0.203212
  1.50968
-0.260671
 0.847921
-0.110836
  0.66905
0.0745536
HERE! 0.201479
  1.50253
-0.258232
 0.845303
-0.109126
 0.663585
0.0734332
HERE! 0.203808
  1.52565
-0.261014
 0.859767
-0.109707
 0.672156
0.0737838
HERE! 0.206157
  1.54858
-0.263971
 0.874331
-0.110341
 0.680851
0.0741357
HERE! 0.204276
  1.54082
-0.261522
 0.871813
-0.108733
 0.675951
0.0729108
HERE! 0.202239
  1.53263
-0.258955
 0.869254
-0.107011
 0.671031
0.0716987
HERE! 0.200219
  1.52424
-0.256342
 0.866695
-0.105279
 0.665841
0.0704517
HERE! 0.201551
  1.54006
-0.257772
  0.87797
-0.105227
 0.671187
0.0704115
HERE! 0.199546
  1.53202
-0.254942
 0.875663
-0.103348
 0.665603
0.0692366
HERE! 0.197515
   1.5243
-0.252121
 0.873453
-0.101505
 0.660173
0.0680655
HERE!  0.195656
   1.51655
 -0.249413
  0.871064
-0.0997749
  0.654962
 0.0669855
HERE!  0.195383
   1.51989
 -0.248746
  0.874905
-0.0989116
  0.654942
 0.0664871
HERE!  0.193514
   1.51212
 -0.246343
  0.872291
-0.0973662
  0.650211
  0.065424
HERE!  0.195183
   1.53118
 -0.248556
  0.885056
-0.0976588
  0.657274
 0.0655595
^CHERE!  0.193521
   1.52345
 -0.246477
  0.882311
-0.0963194
  0.652378
 0.0644711
HERE! 0.191772
  1.51585
-0.244331
 0.879595
-0.094916
 0.647371
0.0633855
HERE!  0.191503
   1.52099
 -0.244134
  0.883936
-0.0942355
  0.647567
 0.0628028
HERE! 0.195295
   1.5574
 -0.24907
 0.906274
-0.095472
 0.661141
0.0636801
HERE!  0.193543
   1.55027
 -0.246874
  0.903331
-0.0939855
  0.655848
 0.0626919
HERE!  0.191594
   1.54291
  -0.24454
  0.900391
-0.0923697
  0.650588
 0.0617262
HERE!  0.189644
   1.53543
 -0.242225
  0.897424
-0.0908588
  0.645624
 0.0607096
HERE!  0.187796
   1.52747
 -0.240035
  0.894465
-0.0893619
   0.64063
 0.0597823
HERE!  0.185877
   1.51921
  -0.23777
  0.891636
-0.0879296
  0.635557
 0.0586831
HERE!  0.187479
   1.53976
 -0.239928
   0.90575
-0.0881018
  0.642602
 0.0587255
HERE!  0.188444
   1.55411
 -0.240996
  0.916562
-0.0879394
  0.646815
 0.0584637
HERE!  0.187762
   1.55521
 -0.239868
  0.919398
-0.0869564
  0.645183
 0.0577159
HERE!   0.18584
   1.54717
 -0.237147
  0.916781
-0.0853997
  0.639696
 0.0566029
HERE!  0.186463
   1.55926
 -0.237744
  0.925652
-0.0850212
  0.642635
 0.0563698
HERE!  0.187705
   1.57624
 -0.239155
  0.937559
-0.0849425
  0.647941
  0.056381
HERE!  0.185859
   1.56876
 -0.236818
  0.934754
-0.0834593
  0.643011
 0.0555272
HERE!  0.183988
   1.56132
 -0.234544
   0.93191
-0.0820498
  0.638183
 0.0546218
HERE!  0.185304
   1.57923
  -0.23635
  0.944233
-0.0821185
  0.643868
 0.0546191
HERE!  0.183591
   1.57177
 -0.234274
  0.941282
-0.0808773
   0.63893
 0.0536575
HERE!  0.181777
    1.5641
 -0.232042
  0.938487
-0.0795834
  0.633871
 0.0526347
HERE!  0.182496
   1.57733
  -0.23291
   0.94797
-0.0794217
  0.637298
 0.0522991
HERE!   0.18356
   1.59219
 -0.233932
  0.958581
-0.0793092
  0.641404
 0.0521234
HERE!  0.181797
   1.58428
 -0.231383
  0.955436
-0.0779488
  0.636203
 0.0511626
HERE!  0.181211
    1.5869
 -0.230346
  0.958792
-0.0770241
   0.63534
 0.0506347
HERE!  0.179492
   1.57877
 -0.227799
  0.955899
-0.0756927
  0.630269
 0.0497013
HERE!  0.179467
   1.58605
 -0.227591
  0.962391
-0.0750275
  0.631484
 0.0493538
HERE!  0.177486
   1.57756
 -0.225013
   0.95955
-0.0736451
  0.626327
 0.0483301
HERE!  0.175525
   1.56893
 -0.222481
  0.956556
-0.0722499
  0.621012
 0.0473488
HERE!    0.1736
   1.56034
  -0.22013
  0.953628
-0.0709403
  0.615585
 0.0463181
HERE!  0.171707
   1.55199
 -0.217846
  0.950572
-0.0696413
  0.610166
 0.0453451
HERE!  0.169683
   1.54368
 -0.215516
    0.9474
-0.0683447
  0.604788
 0.0443169
HERE!  0.167823
   1.53562
 -0.213455
  0.944113
-0.0671259
  0.599509
 0.0434041
HERE!   0.16606
   1.52758
  -0.21144
   0.94097
-0.0659312
  0.594345
 0.0425577
HERE!  0.165925
   1.53445
 -0.211624
  0.946813
-0.0654119
  0.595107
 0.0421621
HERE!  0.164185
   1.52664
 -0.209641
  0.943449
-0.0642191
  0.590044
 0.0414003
HERE!  0.165026
   1.54192
 -0.210978
  0.954311
-0.0640601
  0.594021
 0.0412988
HERE!   0.16343
   1.53456
 -0.209129
  0.950973
-0.0629469
  0.588898
 0.0405642
HERE!   0.16183
    1.5272
 -0.207209
   0.94779
-0.0618302
  0.583826
 0.0398263
HERE!  0.165347
   1.56696
 -0.211905
  0.973697
-0.0627052
   0.59714
 0.0403779
HERE!  0.163727
    1.5597
 -0.209996
  0.970546
-0.0616146
  0.592221
 0.0396393
HERE!  0.164617
   1.57633
 -0.211438
  0.982326
-0.0615125
   0.59669
 0.0395141
HERE!  0.162923
   1.56853
 -0.209601
  0.979259
-0.0604433
  0.591828
 0.0387451
HERE!    0.1612
   1.56046
 -0.207668
  0.976475
-0.0593715
  0.587055
 0.0379483
HERE!  0.162714
   1.58329
 -0.209867
  0.993104
-0.0595148
  0.594185
 0.0378948
HERE! 0.160876
  1.57498
-0.207627
 0.990533
 -0.05835
 0.589304
 0.037067
HERE!  0.160326
   1.57862
  -0.20686
  0.995233
-0.0576024
  0.588859
 0.0365806
HERE!  0.159224
   1.57656
 -0.205265
  0.996322
-0.0566246
  0.586158
 0.0359856
HERE!  0.157534
   1.56862
  -0.20278
  0.993422
-0.0554514
  0.581382
  0.035279
HERE!    0.1559
   1.56072
 -0.200426
   0.99032
-0.0543552
  0.576665
 0.0345733
HERE!  0.154304
   1.55288
 -0.198162
  0.987217
-0.0533147
  0.572066
 0.0338726
HERE!  0.152727
   1.54491
 -0.195976
  0.984088
-0.0523153
  0.567502
 0.0331674
HERE!  0.151105
   1.53677
 -0.193857
  0.980986
-0.0513436
  0.562817
 0.0324072
HERE!   0.14954
   1.52886
 -0.191808
  0.977776
-0.0504314
  0.558086
   0.03163
HERE! 0.147961
  1.52085
-0.189729
 0.974523
-0.049471
 0.553181
0.0308872
HERE!  0.146363
   1.51315
 -0.187708
  0.971096
-0.0485367
   0.54831
 0.0301449
HERE!  0.144737
   1.50543
 -0.185703
  0.967825
-0.0475949
  0.543518
 0.0294185
HERE!  0.143069
   1.49781
 -0.183759
  0.964466
-0.0466388
  0.538804
 0.0287334
HERE!  0.141396
   1.49023
 -0.181929
  0.960939
-0.0456805
  0.534155
 0.0281079
HERE!  0.139772
   1.48231
 -0.180106
  0.957441
-0.0447324
  0.529506
 0.0275076
[panda_controller-2] killing on exit
HERE!  0.138105
   1.47413
 -0.178438
  0.954049
-0.0438077
  0.524781
  0.026879
HERE!  0.136395
   1.46601
 -0.176804
  0.950844
-0.0429288
  0.520104
 0.0261839
Control stopping
HERE!  0.134785
   1.45784
 -0.175216
  0.947676
-0.0420848
  0.515257
 0.0254884