HERE!1.47908e-05
2.13835e-05
2.42854e-05
3.12139e-05
3.62722e-06
4.61334e-05
7.08198e-06
HERE!  3.387e-06
2.16205e-05
2.48817e-05
3.30157e-05
5.43791e-07
4.31964e-05
-1.4495e-06
HERE! 2.92783
-2.42362
-2.01629
-8.63131
 6.76194
 6.41568
 10.8675
HERE! 2.92792
-2.42364
-2.01636
-8.63133
 6.76195
 6.41566
 10.8676
HERE! 2.92803
-2.42368
-2.01643
-8.63136
 6.76195
 6.41561
 10.8676
HERE! 2.92794
-2.42364
-2.01636
 -8.6313
 6.76195
 6.41558
 10.8675
HERE! 2.92797
-2.42366
-2.01638
-8.63135
 6.76197
 6.41564
 10.8676
HERE! 2.92775
-2.42362
-2.01626
-8.63132
 6.76193
 6.41572
 10.8675
HERE! 2.92766
-2.42357
 -2.0161
-8.63119
 6.76198
 6.41548
 10.8674
HERE! 2.92787
-2.42352
-2.01608
-8.63107
 6.76219
 6.41533
 10.8673
HERE! 2.92907
-2.42365
-2.01667
-8.63113
 6.76276
 6.41514
 10.8677
HERE! 2.93062
-2.42374
-2.01739
-8.63114
 6.76359
 6.41496
 10.8682
HERE! 2.91674
-2.41054
-2.00744
-8.58336
 6.72707
 6.37909
 10.8087
HERE!  2.9192
-2.41073
-2.00872
-8.58348
 6.72825
 6.37896
 10.8095
HERE! 2.92166
-2.41083
-2.00989
-8.58342
 6.72947
 6.37868
 10.8102
HERE! 2.91967
  -2.407
-2.00798
  -8.569
 6.71936
 6.36755
 10.7926
HERE! 3.93177
-2.31929
-1.99769
-8.25279
 7.01269
 6.14009
 11.5132
HERE! 3.93617
 -2.3191
-1.99899
-8.25171
 7.01461
 6.13841
 11.5141
HERE! 3.94012
-2.31868
 -1.9998
-8.25029
 7.01663
  6.1364
 11.5142
HERE! 3.94377
 -2.3181
-2.00022
-8.24856
 7.01872
 6.13388
 11.5139
HERE! 3.94772
-2.31749
 -2.0007
-8.24672
 7.02095
 6.13118
 11.5135
HERE! 3.93363
 -2.3063
 -1.9918
-8.20755
  6.9918
 6.10053
 11.4611
HERE! 3.93726
-2.30539
-1.99177
-8.20511
 6.99422
 6.09689
 11.4602
HERE!  3.9307
-2.29828
-1.98649
-8.18061
 6.97815
  6.0768
 11.4287
HERE! 3.92954
-2.29424
-1.98388
-8.16684
 6.97132
 6.06421
 11.4121
HERE! 3.91769
-2.28348
-1.97589
-8.12897
 6.94427
  6.0334
  11.362
HERE! 3.92208
-2.28228
-1.97577
 -8.1258
  6.9473
  6.0283
 11.3603
HERE!  3.9269
-2.28108
-1.97579
-8.12251
 6.95053
 6.02273
 11.3586
HERE! 3.93204
-2.27985
-1.97583
-8.11916
 6.95401
 6.01672
 11.3565
HERE! 3.92759
-2.27321
 -1.9707
-8.09742
 6.94219
 5.99731
 11.3287
HERE! 3.93238
-2.27168
-1.97028
-8.09368
 6.94581
 5.99112
  11.326
HERE! 3.93753
-2.27013
-1.96989
-8.08979
 6.94966
  5.9844
 11.3231
HERE! 3.94206
-2.26826
-1.96894
-8.08538
 6.95353
 5.97729
 11.3197
HERE! 3.94787
-2.26661
-1.96873
-8.08119
 6.95773
 5.97002
 11.3168
HERE! 3.95344
-2.26477
-1.96817
-8.07666
 6.96201
 5.96242
 11.3135
HERE! 3.96018
-2.26304
-1.96832
-8.07218
 6.96666
 5.95441
 11.3106
HERE! 3.96688
-2.26116
-1.96824
-8.06748
 6.97144
 5.94636
 11.3074
HERE!  3.9733
-2.25915
-1.96779
-8.06252
 6.97628
 5.93802
 11.3038
HERE! 3.98076
-2.25726
-1.96795
-8.05765
 6.98141
 5.92948
 11.3006
HERE! 3.98781
-2.25515
-1.96761
-8.05248
 6.98666
 5.92073
 11.2969
HERE! 3.97702
-2.24279
 -1.9585
-8.01031
 6.95994
 5.88412
 11.2413
HERE! 3.97417
-2.23482
-1.95314
-7.98391
 6.94719
   5.859
 11.2079
HERE! 3.97267
-2.22759
 -1.9484
-7.96021
 6.93687
 5.83569
 11.1782
HERE! 3.97198
 -2.2208
-1.94401
-7.93804
 6.92798
 5.81327
 11.1506
HERE!  3.9668
-2.21157
-1.93721
 -7.9074
 6.91191
  5.7847
 11.1111
HERE! 3.96935
-2.20636
 -1.9341
-7.89148
 6.90914
 5.76672
 11.0924
HERE! 3.97735
 -2.2039
-1.93357
-7.88531
 6.91526
 5.75575
 11.0878
HERE! 3.98458
 -2.2012
-1.93236
-7.87875
 6.92133
 5.74439
 11.0825
HERE! 3.99297
-2.19853
-1.93177
-7.87215
 6.92783
 5.73276
 11.0775
HERE! 3.99988
-2.19542
-1.92996
-7.86491
 6.93423
 5.72079
 11.0715
HERE! 4.00746
-2.19234
-1.92855
-7.85764
 6.94079
 5.70865
 11.0657
HERE!  4.0154
 -2.1893
-1.92725
 -7.8504
 6.94756
 5.69628
 11.0598
HERE! 4.02246
-2.18603
-1.92524
-7.84273
 6.95421
 5.68352
 11.0533
HERE! 4.02961
-2.18261
-1.92315
-7.83482
 6.96103
 5.67034
 11.0466
HERE! 4.03799
-2.17937
-1.92171
-7.82706
 6.96829
 5.65705
 11.0403
HERE! 4.04561
 -2.1759
-1.91961
-7.81885
 6.97548
 5.64323
 11.0334
HERE!  4.0407
-2.16542
-1.91154
-7.78515
 6.96016
 5.61054
 10.9905
HERE! 4.04833
-2.16183
 -1.9092
-7.77667
 6.96755
 5.59623
 10.9833
HERE! 4.05645
-2.15818
-1.90708
-7.76801
 6.97519
 5.58151
 10.9761
HERE! 4.06102
-2.15248
-1.90315
-7.75163
 6.97616
 5.56096
 10.9581
HERE! 4.06976
-2.14886
 -1.9011
-7.74281
 6.98411
  5.5457
 10.9508
HERE! 4.05709
-2.13381
-1.88908
-7.69196
 6.95435
 5.49922
 10.8841
HERE! 4.04859
-2.12105
-1.87855
-7.65032
 6.93332
 5.46019
 10.8305
HERE! 4.05781
-2.11708
-1.87639
-7.64091
 6.94189
 5.44456
 10.8229
HERE! 4.06426
-2.11182
-1.87292
-7.62636
 6.94565
 5.42472
 10.8078
HERE! 4.06831
 -2.1058
 -1.8678
-7.61023
 6.94835
 5.40404
 10.7902
HERE! 4.07203
-2.09937
-1.86265
-7.59198
 6.94926
 5.38095
 10.7697
HERE! 4.07996
-2.09498
-1.85926
-7.58177
 6.95785
 5.36394
 10.7603
HERE!  4.0775
-2.08556
 -1.8509
-7.55305
 6.94954
   5.333
 10.7247
HERE! 4.08365
-2.08001
-1.84653
-7.53817
 6.95438
 5.31177
 10.7089
HERE!  4.0919
-2.07551
-1.84291
-7.52742
 6.96331
 5.29355
 10.6991
HERE! 4.10088
-2.07108
 -1.8397
-7.51661
  6.9725
 5.27489
 10.6896
HERE! 4.10399
-1.95122
-1.83694
-7.40793
 6.96172
 5.27422
 10.6492
HERE!  4.1005
-1.93936
-1.82772
-7.37356
 6.95023
 5.23948
 10.6077
HERE! 4.11167
-1.93399
 -1.8257
-7.36204
 6.96012
 5.22083
 10.5992
HERE! 4.12159
 -1.9285
-1.82275
-7.35022
 6.96975
 5.20165
 10.5899
HERE! 4.13301
-1.92334
-1.82073
-7.33868
 6.97981
 5.18192
 10.5809
HERE! 4.14488
-1.91841
-1.81893
-7.32728
 6.99001
 5.16174
 10.5718
HERE! 4.15025
-1.91076
-1.81386
-7.30653
 6.99145
 5.13479
 10.5489
HERE! 4.16181
 -1.9058
 -1.8118
-7.29499
 7.00164
 5.11382
  10.539
HERE!  4.1631
-1.89619
-1.80463
-7.26726
 6.99679
 5.08163
 10.5059
HERE!  4.1747
-1.89083
-1.80223
-7.25506
 7.00726
  5.0601
 10.4956
HERE! 4.18651
-1.88547
-1.79983
-7.24275
 7.01791
 5.03832
 10.4853
HERE! 4.19678
 -1.8797
-1.79622
-7.22977
 7.02833
 5.01631
 10.4741
HERE! 4.20932
-1.87433
-1.79412
-7.21717
 7.03932
 4.99387
 10.4639
HERE! 4.22266
-1.87007
 -1.7922
-7.20522
 7.05087
  4.9709
 10.4538
HERE! 4.23698
 -1.8642
 -1.7909
-7.19206
 7.06259
 4.94809
 10.4442
HERE! 4.25178
-1.86012
-1.78971
-7.18008
  7.0747
 4.92461
 10.4346
HERE! 4.26113
-1.85228
-1.78596
-7.15921
 7.07905
 4.89618
 10.4132
HERE! 4.27632
 -1.8476
-1.78507
-7.14677
 7.09124
 4.87186
 10.4029
HERE! 4.28259
-1.83992
-1.78008
-7.12104
 7.09004
  4.8373
 10.3724
HERE! 4.29588
-1.83503
-1.77784
-7.10804
 7.10183
  4.8119
 10.3607
HERE! 4.30457
-1.82791
-1.77402
-7.08609
 7.10459
 4.77968
 10.3357
HERE! 4.31726
-1.82272
-1.77117
 -7.0726
 7.11643
 4.75344
 10.3231
HERE! 4.33106
-1.81755
-1.76878
-7.05894
 7.12881
  4.7268
  10.311
HERE! 4.34608
-1.81246
-1.76685
-7.04522
 7.14187
 4.69978
 10.2994
HERE! 4.34904
-1.80226
-1.75994
-7.01177
 7.13486
   4.659
 10.2588
HERE! 4.36687
-1.79565
-1.75994
-6.99727
 7.14859
 4.63244
 10.2481
HERE! 4.42031
-1.78487
-1.75978
 -6.9593
 7.18971
 4.54747
 10.2147
HERE! 4.43811
-1.78106
-1.75985
-6.94649
 7.20321
 4.51819
 10.2028
HERE! 4.45557
-1.77702
 -1.7594
-6.93321
 7.21698
 4.48835
 10.1904
HERE! 4.44302
-1.76152
-1.74645
-6.87568
 7.18417
 4.42844
 10.1121
HERE! 4.45932
-1.75714
-1.74501
-6.86187
 7.19769
 4.39825
 10.0992
HERE! 4.47617
-1.75222
-1.74355
-6.84737
 7.21192
 4.36806
 10.0865
HERE! 4.49289
-1.74705
-1.74173
-6.83243
 7.22635
  4.3379
 10.0738
HERE! 4.51008
-1.74174
-1.74001
-6.81729
 7.24145
  4.3077
  10.061
HERE!  4.4565
-1.71013
-1.71042
 -6.6982
 7.14412
 4.20599
 9.89184
HERE! 4.46921
 -1.7039
-1.70717
-6.67795
 7.15254
 4.17116
 9.86989
HERE! 4.47211
-1.69403
-1.70062
-6.64193
 7.14359
 4.12506
 9.82351
HERE! 4.47597
  -1.685
-1.69412
-6.60853
 7.13728
 4.08026
 9.78056
HERE!  4.4931
-1.68058
-1.69249
-6.59381
 7.15229
 4.04811
 9.76628
HERE! 4.49988
-1.67223
 -1.6871
-6.56205
 7.14885
 4.00376
 9.72639
HERE! 4.50919
-1.66534
-1.68133
-6.53756
 7.15397
 3.96495
 9.69793
HERE! 4.52785
-1.66118
-1.68017
-6.52259
 7.16997
 3.93157
 9.68411
HERE! 4.53921
-1.65442
-1.67556
 -6.4992
   7.177
 3.89286
 9.65785
HERE! 4.55556
 -1.6496
-1.67313
-6.48351
 7.19201
 3.85918
  9.6427
HERE! 4.57295
-1.64526
-1.67163
-6.46838
 7.20729
 3.82454
 9.62752
HERE! 4.58913
 -1.6408
 -1.6693
-6.45293
 7.22224
 3.78949
 9.61182
HERE! 4.60684
-1.63676
-1.66806
-6.43799
 7.23755
 3.75388
 9.59596
HERE! 4.62602
-1.63303
 -1.6673
-6.42301
 7.25371
 3.71767
 9.58064
HERE! 3.58669
 -1.7027
-1.59432
-6.71081
 6.88403
 3.94982
 8.93252
HERE! 3.60574
-1.69907
-1.59286
-6.69577
 6.89872
 3.91426
 8.91899
HERE! 3.62255
-1.69457
-1.58956
-6.67937
 6.91295
 3.87838
 8.90424
HERE! 3.63258
-1.68671
 -1.5837
-6.64712
 6.91056
 3.83012
 8.86736
HERE! 3.65279
-1.68322
-1.58262
-6.63161
 6.92598
  3.7929
 8.85321
HERE!  3.6384
-1.66651
-1.56561
-6.56123
 6.88141
 3.71936
 8.76222
HERE! 3.64969
-1.65952
-1.56136
-6.52786
 6.87698
 3.66881
 8.72246
HERE! 3.66432
 -1.6544
-1.55784
-6.50369
 6.88268
 3.62503
 8.69571
HERE! 3.68209
 -1.6501
-1.55604
-6.48214
 6.89185
 3.58255
 8.67245
HERE! 3.69503
-1.64389
-1.55219
-6.45225
 6.89188
 3.53443
 8.63718
HERE! 3.71395
-1.64015
-1.55051
-6.43246
  6.9035
 3.49196
  8.6162
HERE!  3.7376
-1.63779
-1.55155
-6.41757
 6.92058
 3.45242
 8.60162
HERE! 3.76074
-1.63542
-1.55215
-6.40253
 6.93759
 3.41265
 8.58664
HERE!  3.7823
-1.63289
-1.55186
-6.38721
 6.95388
 3.37307
 8.57147
HERE! 3.80403
 -1.6305
-1.55182
-6.37225
 6.97043
 3.33402
 8.55652
HERE! 3.82215
-1.62755
-1.54923
 -6.3563
  6.9857
 3.29499
 8.54053
HERE! 3.84102
-1.62477
-1.54707
-6.34033
 7.00133
 3.25509
 8.52476
HERE! 3.84178
-1.61582
-1.53687
-6.29844
  6.9869
 3.19866
 8.47207
HERE! 3.85394
-1.61082
-1.53063
-6.27445
 6.99451
 3.15298
 8.44595
HERE! 3.87268
-1.60757
 -1.5276
 -6.2571
 7.01061
 3.11035
 8.42917
HERE! 3.89011
-1.60414
-1.52355
-6.23942
 7.02654
 3.06781
 8.41194
HERE! 3.90257
 -1.5991
-1.51713
-6.21473
 7.03461
 3.02055
 8.38484
HERE! 3.92224
-1.59645
-1.51484
-6.19806
 7.05146
 2.97816
 8.36813
libfranka: Move command aborted: motion aborted by reflex! ["power_limit_violation"]
control_command_success_rate: 0.95
Control stopping
terminate called after throwing an instance of 'std::system_error'
  what():  Resource deadlock avoided
[panda_controller-2] process has died [pid 3676, exit code -6, cmd /workspace/devel/lib/panda_ros/pandaRosWrapper __name:=panda_controller __log:=/root/.ros/log/a322400c-e256-11ef-90b5-8c04ba9c94a0/panda_controller-2.log].
log file: /root/.ros/log/a322400c-e256-11ef-90b5-8c04ba9c94a0/panda_controller-2*.log
^C[rosout-1] killing on exit
[master] killing on exit
shutting down processing monitor...
... shutting down processing monitor complete
done
root@hcilab-G7-7590:/workspace# 